[2025-06-11 01:11:38,795 WARNING] USE GPU: 0 for training
[2025-06-11 01:11:39,070 INFO] Number of Trainable Params: 1469642
[2025-06-11 01:11:39,639 INFO] model_arch: <models.mixmatch.mixmatch.MixMatch object at 0x7ff5eec7c350>
[2025-06-11 01:11:39,639 INFO] Arguments: Namespace(save_dir='./saved_models', save_name='mixmatch_cifar10_40_0', resume=False, load_path='None', overwrite=True, use_tensorboard=True, epoch=1, num_train_iter=20000, num_eval_iter=1000, num_labels=40, batch_size=64, uratio=1, eval_batch_size=1024, alpha=0.5, T=0.5, ema_m=0.999, ulb_loss_ratio=100, ramp_up=0.015625, optim='SGD', lr=0.03, momentum=0.9, weight_decay=0.0005, amp=False, clip=0, net='WideResNet', net_from_name=False, depth=28, widen_factor=2, leaky_slope=0.1, dropout=0.0, data_dir='./data', dataset='cifar10', train_sampler='RandomSampler', num_classes=10, num_workers=1, world_size=1, rank=0, dist_url='tcp://127.0.0.1:10027', dist_backend='nccl', seed=0, gpu=0, multiprocessing_distributed=True, c='TorchSSL/config/mixmatch/mixmatch_cifar10_40_0.yaml', alg='mixmatch', distributed=True, bn_momentum=0.0010000000000000009)
[2025-06-11 01:11:41,582 INFO] [!] data loader keys: dict_keys(['train_lb', 'train_ulb', 'eval'])
[2025-06-11 01:12:21,735 INFO] confusion matrix:
[[0.827 0.087 0.086 0.    0.    0.    0.    0.    0.    0.   ]
 [0.958 0.01  0.032 0.    0.    0.    0.    0.    0.    0.   ]
 [0.908 0.022 0.07  0.    0.    0.    0.    0.    0.    0.   ]
 [0.947 0.019 0.034 0.    0.    0.    0.    0.    0.    0.   ]
 [0.939 0.01  0.051 0.    0.    0.    0.    0.    0.    0.   ]
 [0.923 0.032 0.045 0.    0.    0.    0.    0.    0.    0.   ]
 [0.972 0.    0.028 0.    0.    0.    0.    0.    0.    0.   ]
 [0.944 0.009 0.047 0.    0.    0.    0.    0.    0.    0.   ]
 [0.867 0.065 0.068 0.    0.    0.    0.    0.    0.    0.   ]
 [0.97  0.009 0.021 0.    0.    0.    0.    0.    0.    0.   ]]
[2025-06-11 01:12:21,811 INFO] 0 iteration, USE_EMA: True, {'train/sup_loss': tensor(2.3891, device='cuda:0'), 'train/unsup_loss': tensor(0.0047, device='cuda:0'), 'train/total_loss': tensor(2.3891, device='cuda:0'), 'lr': 0.0299999999291586, 'train/prefecth_time': 30.21410546875, 'train/run_time': 0.919816162109375, 'eval/loss': tensor(13.4902, device='cuda:0'), 'eval/top-1-acc': 0.0907, 'eval/top-5-acc': 0.5013}, BEST_EVAL_ACC: 0.0907, at 0 iters
[2025-06-11 01:14:19,476 INFO] confusion matrix:
[[0.246 0.    0.013 0.115 0.    0.132 0.149 0.    0.341 0.004]
 [0.024 0.002 0.    0.261 0.    0.127 0.147 0.    0.366 0.073]
 [0.04  0.    0.007 0.145 0.001 0.186 0.543 0.    0.076 0.002]
 [0.005 0.001 0.    0.33  0.    0.348 0.276 0.    0.038 0.002]
 [0.01  0.    0.002 0.076 0.    0.133 0.7   0.    0.078 0.001]
 [0.004 0.    0.    0.292 0.    0.399 0.269 0.    0.035 0.001]
 [0.001 0.    0.    0.118 0.    0.135 0.708 0.    0.034 0.004]
 [0.009 0.    0.001 0.287 0.    0.331 0.323 0.    0.041 0.008]
 [0.071 0.    0.    0.084 0.    0.113 0.107 0.    0.623 0.002]
 [0.022 0.001 0.    0.355 0.    0.182 0.106 0.    0.261 0.073]]
[2025-06-11 01:14:19,483 INFO] 1000 iteration, USE_EMA: True, {'train/sup_loss': tensor(1.3057, device='cuda:0'), 'train/unsup_loss': tensor(0.0097, device='cuda:0'), 'train/total_loss': tensor(2.2738, device='cuda:0'), 'lr': 0.029929044835434817, 'train/prefecth_time': 0.004798687934875488, 'train/run_time': 0.09196063995361328, 'eval/loss': tensor(2.3906, device='cuda:0'), 'eval/top-1-acc': 0.2388, 'eval/top-5-acc': 0.6013}, BEST_EVAL_ACC: 0.2388, at 1000 iters
[2025-06-11 01:16:18,743 INFO] confusion matrix:
[[0.694 0.021 0.016 0.035 0.004 0.026 0.075 0.009 0.118 0.002]
 [0.462 0.166 0.004 0.12  0.045 0.018 0.027 0.028 0.081 0.049]
 [0.215 0.004 0.022 0.176 0.019 0.104 0.398 0.022 0.038 0.002]
 [0.129 0.011 0.008 0.471 0.008 0.213 0.113 0.031 0.014 0.002]
 [0.111 0.002 0.004 0.233 0.022 0.093 0.486 0.009 0.036 0.004]
 [0.116 0.013 0.01  0.332 0.008 0.312 0.127 0.068 0.013 0.001]
 [0.063 0.004 0.003 0.347 0.032 0.098 0.416 0.004 0.009 0.024]
 [0.317 0.001 0.029 0.206 0.021 0.154 0.129 0.121 0.013 0.009]
 [0.588 0.026 0.001 0.051 0.002 0.01  0.038 0.005 0.275 0.004]
 [0.532 0.126 0.007 0.138 0.035 0.018 0.023 0.021 0.036 0.064]]
[2025-06-11 01:16:18,753 INFO] 2000 iteration, USE_EMA: True, {'train/sup_loss': tensor(1.4299, device='cuda:0'), 'train/unsup_loss': tensor(0.0152, device='cuda:0'), 'train/total_loss': tensor(2.9458, device='cuda:0'), 'lr': 0.029716797668875233, 'train/prefecth_time': 0.004662176132202148, 'train/run_time': 0.1114315185546875, 'eval/loss': tensor(2.5085, device='cuda:0'), 'eval/top-1-acc': 0.2563, 'eval/top-5-acc': 0.6995}, BEST_EVAL_ACC: 0.2563, at 2000 iters
[2025-06-11 01:18:21,051 INFO] confusion matrix:
[[0.777 0.046 0.036 0.013 0.017 0.029 0.032 0.018 0.032 0.   ]
 [0.363 0.432 0.016 0.027 0.058 0.024 0.008 0.054 0.006 0.012]
 [0.258 0.019 0.067 0.107 0.026 0.203 0.273 0.034 0.011 0.002]
 [0.161 0.034 0.05  0.283 0.018 0.338 0.053 0.057 0.005 0.001]
 [0.17  0.012 0.023 0.224 0.059 0.179 0.302 0.02  0.008 0.003]
 [0.132 0.026 0.052 0.132 0.021 0.451 0.066 0.114 0.005 0.001]
 [0.072 0.017 0.035 0.44  0.074 0.129 0.204 0.015 0.003 0.011]
 [0.333 0.026 0.097 0.083 0.067 0.18  0.045 0.162 0.002 0.005]
 [0.709 0.095 0.013 0.016 0.014 0.016 0.01  0.017 0.109 0.001]
 [0.49  0.323 0.027 0.035 0.052 0.015 0.009 0.025 0.006 0.018]]
[2025-06-11 01:18:21,059 INFO] 3000 iteration, USE_EMA: True, {'train/sup_loss': tensor(0.2671, device='cuda:0'), 'train/unsup_loss': tensor(0.0059, device='cuda:0'), 'train/total_loss': tensor(0.8571, device='cuda:0'), 'lr': 0.029364260427448087, 'train/prefecth_time': 0.005060448169708252, 'train/run_time': 0.11223833465576172, 'eval/loss': tensor(2.7681, device='cuda:0'), 'eval/top-1-acc': 0.2562, 'eval/top-5-acc': 0.7377}, BEST_EVAL_ACC: 0.2563, at 2000 iters
[2025-06-11 01:20:16,187 INFO] confusion matrix:
[[0.772 0.048 0.059 0.005 0.011 0.038 0.02  0.023 0.024 0.   ]
 [0.333 0.498 0.028 0.015 0.046 0.038 0.001 0.034 0.    0.007]
 [0.242 0.023 0.088 0.099 0.024 0.285 0.205 0.03  0.003 0.001]
 [0.154 0.04  0.065 0.192 0.012 0.459 0.028 0.048 0.002 0.   ]
 [0.162 0.017 0.036 0.171 0.071 0.307 0.219 0.015 0.002 0.   ]
 [0.126 0.03  0.054 0.071 0.021 0.538 0.04  0.116 0.004 0.   ]
 [0.069 0.019 0.052 0.51  0.06  0.167 0.103 0.016 0.001 0.003]
 [0.305 0.028 0.124 0.036 0.1   0.226 0.022 0.157 0.    0.002]
 [0.734 0.113 0.013 0.008 0.008 0.021 0.004 0.015 0.083 0.001]
 [0.504 0.336 0.041 0.014 0.038 0.03  0.006 0.024 0.    0.007]]
[2025-06-11 01:20:16,197 INFO] 4000 iteration, USE_EMA: True, {'train/sup_loss': tensor(0.7076, device='cuda:0'), 'train/unsup_loss': tensor(0.0050, device='cuda:0'), 'train/total_loss': tensor(1.2092, device='cuda:0'), 'lr': 0.028873097404747344, 'train/prefecth_time': 0.0047907838821411135, 'train/run_time': 0.10361151885986328, 'eval/loss': tensor(3.0710, device='cuda:0'), 'eval/top-1-acc': 0.2509, 'eval/top-5-acc': 0.7495}, BEST_EVAL_ACC: 0.2563, at 2000 iters
[2025-06-11 01:22:13,152 INFO] confusion matrix:
[[0.753 0.053 0.081 0.005 0.009 0.033 0.017 0.024 0.025 0.   ]
 [0.271 0.587 0.035 0.011 0.037 0.032 0.001 0.022 0.001 0.003]
 [0.217 0.025 0.105 0.135 0.019 0.287 0.186 0.024 0.002 0.   ]
 [0.133 0.044 0.095 0.198 0.007 0.457 0.024 0.041 0.001 0.   ]
 [0.149 0.017 0.051 0.225 0.07  0.301 0.176 0.011 0.    0.   ]
 [0.106 0.034 0.076 0.07  0.013 0.579 0.035 0.086 0.001 0.   ]
 [0.058 0.018 0.073 0.596 0.028 0.145 0.066 0.012 0.002 0.002]
 [0.255 0.029 0.154 0.038 0.156 0.229 0.013 0.124 0.    0.002]
 [0.728 0.127 0.014 0.005 0.007 0.019 0.002 0.01  0.087 0.001]
 [0.49  0.359 0.043 0.013 0.033 0.03  0.003 0.023 0.    0.006]]
[2025-06-11 01:22:13,159 INFO] 5000 iteration, USE_EMA: True, {'train/sup_loss': tensor(0.9872, device='cuda:0'), 'train/unsup_loss': tensor(0.0078, device='cuda:0'), 'train/total_loss': tensor(1.7643, device='cuda:0'), 'lr': 0.028245627333026553, 'train/prefecth_time': 0.004413824081420898, 'train/run_time': 0.0973333740234375, 'eval/loss': tensor(3.1641, device='cuda:0'), 'eval/top-1-acc': 0.2575, 'eval/top-5-acc': 0.7558}, BEST_EVAL_ACC: 0.2575, at 5000 iters
[2025-06-11 01:24:11,035 INFO] confusion matrix:
[[0.727 0.051 0.107 0.008 0.005 0.03  0.019 0.014 0.039 0.   ]
 [0.257 0.603 0.044 0.01  0.029 0.039 0.    0.016 0.001 0.001]
 [0.194 0.022 0.127 0.158 0.014 0.284 0.183 0.012 0.006 0.   ]
 [0.112 0.033 0.109 0.206 0.004 0.491 0.024 0.019 0.001 0.001]
 [0.147 0.014 0.054 0.263 0.092 0.253 0.168 0.009 0.    0.   ]
 [0.092 0.02  0.081 0.069 0.009 0.635 0.036 0.057 0.001 0.   ]
 [0.042 0.014 0.081 0.639 0.013 0.133 0.067 0.009 0.002 0.   ]
 [0.217 0.018 0.139 0.043 0.253 0.22  0.009 0.1   0.    0.001]
 [0.726 0.107 0.018 0.01  0.004 0.019 0.001 0.004 0.111 0.   ]
 [0.503 0.34  0.057 0.017 0.026 0.03  0.002 0.017 0.001 0.007]]
[2025-06-11 01:24:11,043 INFO] 6000 iteration, USE_EMA: True, {'train/sup_loss': tensor(0.5159, device='cuda:0'), 'train/unsup_loss': tensor(0.0040, device='cuda:0'), 'train/total_loss': tensor(0.9128, device='cuda:0'), 'lr': 0.027484812436692246, 'train/prefecth_time': 0.005150207996368408, 'train/run_time': 0.10391593933105468, 'eval/loss': tensor(3.2632, device='cuda:0'), 'eval/top-1-acc': 0.2675, 'eval/top-5-acc': 0.7665}, BEST_EVAL_ACC: 0.2675, at 6000 iters
[2025-06-11 01:26:07,887 INFO] confusion matrix:
[[0.734 0.048 0.112 0.007 0.003 0.029 0.013 0.013 0.041 0.   ]
 [0.265 0.592 0.055 0.009 0.021 0.03  0.    0.026 0.001 0.001]
 [0.203 0.018 0.139 0.154 0.017 0.26  0.176 0.027 0.006 0.   ]
 [0.113 0.027 0.129 0.195 0.003 0.467 0.022 0.041 0.002 0.001]
 [0.157 0.008 0.054 0.274 0.11  0.216 0.165 0.015 0.001 0.   ]
 [0.089 0.016 0.087 0.06  0.012 0.595 0.033 0.107 0.001 0.   ]
 [0.044 0.009 0.103 0.637 0.007 0.121 0.064 0.012 0.003 0.   ]
 [0.215 0.013 0.141 0.037 0.288 0.153 0.01  0.142 0.001 0.   ]
 [0.729 0.099 0.024 0.007 0.004 0.016 0.001 0.008 0.112 0.   ]
 [0.509 0.332 0.071 0.015 0.015 0.03  0.001 0.022 0.001 0.004]]
[2025-06-11 01:26:07,894 INFO] 7000 iteration, USE_EMA: True, {'train/sup_loss': tensor(0.2940, device='cuda:0'), 'train/unsup_loss': tensor(0.0049, device='cuda:0'), 'train/total_loss': tensor(0.7839, device='cuda:0'), 'lr': 0.026594244447934293, 'train/prefecth_time': 0.005197663784027099, 'train/run_time': 0.10476483154296876, 'eval/loss': tensor(3.3006, device='cuda:0'), 'eval/top-1-acc': 0.2687, 'eval/top-5-acc': 0.7771}, BEST_EVAL_ACC: 0.2687, at 7000 iters
[2025-06-11 01:28:07,081 INFO] confusion matrix:
[[0.722 0.036 0.121 0.006 0.007 0.035 0.009 0.005 0.057 0.002]
 [0.239 0.579 0.053 0.014 0.013 0.025 0.    0.012 0.01  0.055]
 [0.185 0.013 0.158 0.156 0.022 0.265 0.172 0.019 0.01  0.   ]
 [0.111 0.013 0.128 0.221 0.006 0.463 0.022 0.024 0.005 0.007]
 [0.155 0.005 0.048 0.293 0.147 0.155 0.176 0.014 0.004 0.003]
 [0.076 0.006 0.093 0.08  0.014 0.627 0.029 0.07  0.005 0.   ]
 [0.036 0.004 0.098 0.649 0.005 0.109 0.081 0.008 0.009 0.001]
 [0.162 0.006 0.112 0.045 0.383 0.139 0.009 0.14  0.001 0.003]
 [0.711 0.086 0.02  0.008 0.002 0.013 0.001 0.003 0.151 0.005]
 [0.494 0.214 0.074 0.018 0.016 0.024 0.001 0.02  0.001 0.138]]
[2025-06-11 01:28:07,089 INFO] 8000 iteration, USE_EMA: True, {'train/sup_loss': tensor(1.1585, device='cuda:0'), 'train/unsup_loss': tensor(0.0099, device='cuda:0'), 'train/total_loss': tensor(2.1531, device='cuda:0'), 'lr': 0.025578127650511987, 'train/prefecth_time': 0.005094272136688232, 'train/run_time': 0.10798544311523438, 'eval/loss': tensor(3.1317, device='cuda:0'), 'eval/top-1-acc': 0.2964, 'eval/top-5-acc': 0.8136}, BEST_EVAL_ACC: 0.2964, at 8000 iters
[2025-06-11 01:30:08,679 INFO] confusion matrix:
[[0.696 0.025 0.137 0.007 0.008 0.034 0.006 0.005 0.068 0.014]
 [0.197 0.478 0.054 0.011 0.009 0.023 0.001 0.01  0.021 0.196]
 [0.17  0.008 0.177 0.147 0.023 0.277 0.173 0.013 0.009 0.003]
 [0.098 0.007 0.156 0.195 0.006 0.467 0.027 0.017 0.013 0.014]
 [0.149 0.005 0.056 0.254 0.169 0.127 0.213 0.014 0.007 0.006]
 [0.061 0.004 0.118 0.076 0.013 0.64  0.025 0.052 0.004 0.007]
 [0.034 0.003 0.1   0.622 0.003 0.115 0.098 0.004 0.017 0.004]
 [0.135 0.003 0.133 0.035 0.402 0.146 0.011 0.122 0.001 0.012]
 [0.689 0.06  0.028 0.009 0.001 0.013 0.002 0.003 0.17  0.025]
 [0.412 0.117 0.073 0.017 0.018 0.02  0.    0.019 0.001 0.323]]
[2025-06-11 01:30:08,687 INFO] 9000 iteration, USE_EMA: True, {'train/sup_loss': tensor(1.2797, device='cuda:0'), 'train/unsup_loss': tensor(0.0177, device='cuda:0'), 'train/total_loss': tensor(3.0468, device='cuda:0'), 'lr': 0.024441259031744527, 'train/prefecth_time': 0.006391104221343994, 'train/run_time': 0.0988135986328125, 'eval/loss': tensor(3.0918, device='cuda:0'), 'eval/top-1-acc': 0.3068, 'eval/top-5-acc': 0.8284}, BEST_EVAL_ACC: 0.3068, at 9000 iters
[2025-06-11 01:32:08,949 INFO] confusion matrix:
[[0.666 0.022 0.156 0.007 0.015 0.036 0.006 0.005 0.071 0.016]
 [0.129 0.488 0.048 0.011 0.006 0.026 0.004 0.005 0.035 0.248]
 [0.152 0.006 0.213 0.119 0.026 0.272 0.189 0.01  0.01  0.003]
 [0.077 0.005 0.172 0.175 0.009 0.485 0.037 0.01  0.015 0.015]
 [0.131 0.002 0.056 0.18  0.186 0.12  0.297 0.014 0.008 0.006]
 [0.054 0.003 0.141 0.069 0.015 0.658 0.027 0.027 0.003 0.003]
 [0.028 0.003 0.101 0.562 0.002 0.116 0.161 0.005 0.017 0.005]
 [0.115 0.004 0.122 0.028 0.456 0.139 0.017 0.111 0.001 0.007]
 [0.68  0.05  0.032 0.01  0.001 0.014 0.003 0.002 0.173 0.035]
 [0.362 0.121 0.062 0.013 0.022 0.013 0.003 0.015 0.002 0.387]]
[2025-06-11 01:32:08,957 INFO] 10000 iteration, USE_EMA: True, {'train/sup_loss': tensor(1.1346, device='cuda:0'), 'train/unsup_loss': tensor(0.0141, device='cuda:0'), 'train/total_loss': tensor(2.5443, device='cuda:0'), 'lr': 0.023189005636406333, 'train/prefecth_time': 0.005271071910858154, 'train/run_time': 0.11322035217285156, 'eval/loss': tensor(2.9681, device='cuda:0'), 'eval/top-1-acc': 0.3218, 'eval/top-5-acc': 0.845}, BEST_EVAL_ACC: 0.3218, at 10000 iters
[2025-06-11 01:34:08,294 INFO] confusion matrix:
[[0.656 0.018 0.168 0.006 0.018 0.025 0.007 0.004 0.081 0.017]
 [0.125 0.497 0.034 0.008 0.009 0.02  0.003 0.004 0.041 0.259]
 [0.143 0.006 0.239 0.102 0.041 0.265 0.169 0.011 0.021 0.003]
 [0.084 0.004 0.183 0.177 0.016 0.445 0.037 0.008 0.029 0.017]
 [0.132 0.004 0.052 0.145 0.214 0.109 0.31  0.016 0.013 0.005]
 [0.06  0.002 0.132 0.062 0.023 0.653 0.027 0.027 0.007 0.007]
 [0.024 0.003 0.11  0.501 0.002 0.117 0.204 0.006 0.029 0.004]
 [0.102 0.003 0.108 0.024 0.487 0.139 0.016 0.11  0.003 0.008]
 [0.68  0.052 0.036 0.009 0.    0.012 0.001 0.001 0.179 0.03 ]
 [0.364 0.106 0.051 0.008 0.021 0.013 0.003 0.013 0.003 0.418]]
[2025-06-11 01:34:08,302 INFO] 11000 iteration, USE_EMA: True, {'train/sup_loss': tensor(0.0379, device='cuda:0'), 'train/unsup_loss': tensor(0.0039, device='cuda:0'), 'train/total_loss': tensor(0.4246, device='cuda:0'), 'lr': 0.021827279229437307, 'train/prefecth_time': 0.004697824001312256, 'train/run_time': 0.09550569915771484, 'eval/loss': tensor(2.8520, device='cuda:0'), 'eval/top-1-acc': 0.3347, 'eval/top-5-acc': 0.8511}, BEST_EVAL_ACC: 0.3347, at 11000 iters
[2025-06-11 01:36:06,591 INFO] confusion matrix:
[[0.676 0.018 0.147 0.005 0.017 0.03  0.006 0.003 0.082 0.016]
 [0.108 0.537 0.024 0.006 0.006 0.014 0.002 0.003 0.036 0.264]
 [0.156 0.006 0.243 0.095 0.042 0.253 0.164 0.011 0.026 0.004]
 [0.085 0.005 0.161 0.17  0.02  0.453 0.049 0.008 0.032 0.017]
 [0.154 0.004 0.049 0.137 0.24  0.104 0.278 0.015 0.014 0.005]
 [0.057 0.002 0.117 0.058 0.032 0.664 0.028 0.022 0.008 0.012]
 [0.026 0.003 0.108 0.469 0.003 0.099 0.248 0.005 0.033 0.006]
 [0.116 0.004 0.092 0.028 0.482 0.145 0.013 0.109 0.003 0.008]
 [0.672 0.046 0.029 0.008 0.002 0.008 0.003 0.    0.196 0.036]
 [0.354 0.123 0.04  0.008 0.021 0.013 0.002 0.011 0.004 0.424]]
[2025-06-11 01:36:06,598 INFO] 12000 iteration, USE_EMA: True, {'train/sup_loss': tensor(0.0481, device='cuda:0'), 'train/unsup_loss': tensor(0.0048, device='cuda:0'), 'train/total_loss': tensor(0.5275, device='cuda:0'), 'lr': 0.02036250838708284, 'train/prefecth_time': 0.00616099214553833, 'train/run_time': 0.10479199981689453, 'eval/loss': tensor(2.7567, device='cuda:0'), 'eval/top-1-acc': 0.3507, 'eval/top-5-acc': 0.8548}, BEST_EVAL_ACC: 0.3507, at 12000 iters
[2025-06-11 01:38:05,164 INFO] confusion matrix:
[[0.636 0.023 0.184 0.005 0.019 0.019 0.006 0.001 0.079 0.028]
 [0.078 0.547 0.025 0.007 0.003 0.01  0.003 0.003 0.031 0.293]
 [0.152 0.007 0.259 0.106 0.043 0.247 0.158 0.006 0.019 0.003]
 [0.075 0.006 0.198 0.16  0.017 0.445 0.042 0.007 0.031 0.019]
 [0.155 0.005 0.058 0.137 0.233 0.107 0.277 0.018 0.006 0.004]
 [0.051 0.002 0.139 0.052 0.028 0.666 0.027 0.017 0.008 0.01 ]
 [0.021 0.002 0.117 0.499 0.002 0.1   0.233 0.    0.021 0.005]
 [0.091 0.005 0.106 0.028 0.485 0.139 0.014 0.116 0.007 0.009]
 [0.663 0.055 0.038 0.009 0.001 0.01  0.003 0.    0.175 0.046]
 [0.297 0.155 0.047 0.007 0.02  0.012 0.    0.007 0.008 0.447]]
[2025-06-11 01:38:05,171 INFO] 13000 iteration, USE_EMA: True, {'train/sup_loss': tensor(0.1911, device='cuda:0'), 'train/unsup_loss': tensor(0.0065, device='cuda:0'), 'train/total_loss': tensor(0.8364, device='cuda:0'), 'lr': 0.018801608148218487, 'train/prefecth_time': 0.005141632080078125, 'train/run_time': 0.0965157470703125, 'eval/loss': tensor(2.8562, device='cuda:0'), 'eval/top-1-acc': 0.3472, 'eval/top-5-acc': 0.8501}, BEST_EVAL_ACC: 0.3507, at 12000 iters
[2025-06-11 01:40:02,731 INFO] confusion matrix:
[[0.647 0.021 0.164 0.005 0.023 0.017 0.011 0.001 0.077 0.034]
 [0.073 0.566 0.021 0.006 0.005 0.011 0.006 0.001 0.026 0.285]
 [0.137 0.008 0.241 0.087 0.042 0.244 0.206 0.014 0.017 0.004]
 [0.076 0.006 0.173 0.125 0.029 0.479 0.063 0.008 0.024 0.017]
 [0.132 0.006 0.052 0.126 0.228 0.095 0.333 0.021 0.003 0.004]
 [0.05  0.004 0.123 0.036 0.031 0.677 0.039 0.025 0.006 0.009]
 [0.02  0.002 0.12  0.483 0.004 0.097 0.251 0.004 0.015 0.004]
 [0.09  0.006 0.085 0.014 0.501 0.133 0.019 0.136 0.003 0.013]
 [0.67  0.057 0.033 0.006 0.002 0.01  0.005 0.001 0.17  0.046]
 [0.324 0.136 0.036 0.004 0.025 0.008 0.003 0.012 0.006 0.446]]
[2025-06-11 01:40:02,738 INFO] 14000 iteration, USE_EMA: True, {'train/sup_loss': tensor(0.0550, device='cuda:0'), 'train/unsup_loss': tensor(0.0043, device='cuda:0'), 'train/total_loss': tensor(0.4822, device='cuda:0'), 'lr': 0.017151947369132583, 'train/prefecth_time': 0.004929728031158447, 'train/run_time': 0.10309088134765625, 'eval/loss': tensor(2.8808, device='cuda:0'), 'eval/top-1-acc': 0.3487, 'eval/top-5-acc': 0.8432}, BEST_EVAL_ACC: 0.3507, at 12000 iters
[2025-06-11 01:41:59,861 INFO] confusion matrix:
[[0.697 0.021 0.101 0.004 0.023 0.021 0.016 0.    0.081 0.036]
 [0.073 0.552 0.011 0.008 0.005 0.011 0.005 0.001 0.033 0.301]
 [0.142 0.006 0.216 0.092 0.037 0.252 0.224 0.015 0.013 0.003]
 [0.103 0.006 0.131 0.133 0.024 0.469 0.078 0.009 0.023 0.024]
 [0.127 0.005 0.036 0.146 0.223 0.085 0.345 0.024 0.005 0.004]
 [0.063 0.002 0.105 0.046 0.026 0.662 0.048 0.032 0.004 0.012]
 [0.023 0.001 0.095 0.518 0.003 0.115 0.222 0.003 0.015 0.005]
 [0.104 0.007 0.062 0.017 0.497 0.134 0.019 0.147 0.003 0.01 ]
 [0.674 0.057 0.014 0.006 0.002 0.011 0.005 0.002 0.179 0.05 ]
 [0.342 0.123 0.024 0.008 0.018 0.006 0.007 0.013 0.006 0.453]]
[2025-06-11 01:41:59,869 INFO] 15000 iteration, USE_EMA: True, {'train/sup_loss': tensor(0.1144, device='cuda:0'), 'train/unsup_loss': tensor(0.0032, device='cuda:0'), 'train/total_loss': tensor(0.4382, device='cuda:0'), 'lr': 0.015421313935881444, 'train/prefecth_time': 0.00442742395401001, 'train/run_time': 0.0960323486328125, 'eval/loss': tensor(2.9062, device='cuda:0'), 'eval/top-1-acc': 0.3484, 'eval/top-5-acc': 0.8416}, BEST_EVAL_ACC: 0.3507, at 12000 iters
[2025-06-11 01:43:57,217 INFO] confusion matrix:
[[0.696 0.02  0.106 0.004 0.021 0.023 0.023 0.    0.078 0.029]
 [0.084 0.58  0.009 0.008 0.006 0.017 0.006 0.001 0.024 0.265]
 [0.135 0.004 0.201 0.08  0.042 0.253 0.26  0.01  0.012 0.003]
 [0.111 0.006 0.131 0.136 0.02  0.452 0.1   0.006 0.017 0.021]
 [0.118 0.006 0.034 0.13  0.233 0.08  0.366 0.026 0.002 0.005]
 [0.067 0.001 0.105 0.044 0.028 0.655 0.064 0.021 0.004 0.011]
 [0.021 0.001 0.09  0.501 0.003 0.113 0.251 0.002 0.012 0.006]
 [0.099 0.006 0.069 0.02  0.488 0.131 0.023 0.149 0.003 0.012]
 [0.674 0.049 0.016 0.009 0.001 0.014 0.007 0.001 0.188 0.041]
 [0.394 0.136 0.025 0.009 0.019 0.006 0.008 0.009 0.006 0.388]]
[2025-06-11 01:43:57,225 INFO] 16000 iteration, USE_EMA: True, {'train/sup_loss': tensor(0.4769, device='cuda:0'), 'train/unsup_loss': tensor(0.0056, device='cuda:0'), 'train/total_loss': tensor(1.0360, device='cuda:0'), 'lr': 0.013617877998446389, 'train/prefecth_time': 0.004867839813232422, 'train/run_time': 0.09492982482910156, 'eval/loss': tensor(2.9528, device='cuda:0'), 'eval/top-1-acc': 0.3477, 'eval/top-5-acc': 0.8362}, BEST_EVAL_ACC: 0.3507, at 12000 iters
[2025-06-11 01:45:57,643 INFO] confusion matrix:
[[0.634 0.024 0.137 0.004 0.021 0.023 0.027 0.001 0.093 0.036]
 [0.044 0.617 0.016 0.007 0.005 0.012 0.007 0.002 0.02  0.27 ]
 [0.134 0.004 0.203 0.092 0.043 0.232 0.268 0.007 0.013 0.004]
 [0.106 0.005 0.148 0.15  0.023 0.406 0.125 0.007 0.016 0.014]
 [0.112 0.003 0.038 0.134 0.23  0.066 0.377 0.027 0.007 0.006]
 [0.074 0.002 0.114 0.05  0.027 0.628 0.074 0.018 0.005 0.008]
 [0.018 0.002 0.096 0.495 0.002 0.087 0.283 0.    0.015 0.002]
 [0.081 0.005 0.094 0.021 0.484 0.141 0.025 0.14  0.002 0.007]
 [0.622 0.053 0.017 0.006 0.003 0.014 0.011 0.003 0.223 0.048]
 [0.261 0.144 0.028 0.007 0.026 0.008 0.01  0.009 0.007 0.5  ]]
[2025-06-11 01:45:57,651 INFO] 17000 iteration, USE_EMA: True, {'train/sup_loss': tensor(0.0535, device='cuda:0'), 'train/unsup_loss': tensor(0.0060, device='cuda:0'), 'train/total_loss': tensor(0.6557, device='cuda:0'), 'lr': 0.011750153400260371, 'train/prefecth_time': 0.0056136960983276364, 'train/run_time': 0.09646857452392578, 'eval/loss': tensor(2.8431, device='cuda:0'), 'eval/top-1-acc': 0.3608, 'eval/top-5-acc': 0.8371}, BEST_EVAL_ACC: 0.3608, at 17000 iters
[2025-06-11 01:47:53,311 INFO] confusion matrix:
[[0.536 0.024 0.147 0.006 0.024 0.037 0.037 0.001 0.148 0.04 ]
 [0.028 0.623 0.022 0.006 0.003 0.014 0.008 0.001 0.02  0.275]
 [0.115 0.005 0.206 0.079 0.037 0.219 0.307 0.01  0.017 0.005]
 [0.088 0.006 0.144 0.158 0.016 0.398 0.151 0.008 0.015 0.016]
 [0.095 0.004 0.036 0.123 0.219 0.055 0.425 0.031 0.006 0.006]
 [0.067 0.003 0.108 0.051 0.024 0.625 0.089 0.021 0.004 0.008]
 [0.013 0.    0.1   0.471 0.001 0.077 0.324 0.001 0.009 0.004]
 [0.078 0.007 0.098 0.021 0.471 0.13  0.033 0.148 0.002 0.012]
 [0.408 0.053 0.023 0.008 0.003 0.022 0.015 0.001 0.411 0.056]
 [0.222 0.145 0.036 0.006 0.017 0.006 0.013 0.009 0.007 0.539]]
[2025-06-11 01:47:53,319 INFO] 18000 iteration, USE_EMA: True, {'train/sup_loss': tensor(0.2448, device='cuda:0'), 'train/unsup_loss': tensor(0.0042, device='cuda:0'), 'train/total_loss': tensor(0.6658, device='cuda:0'), 'lr': 0.009826957485191697, 'train/prefecth_time': 0.004291168212890625, 'train/run_time': 0.0949493408203125, 'eval/loss': tensor(2.6577, device='cuda:0'), 'eval/top-1-acc': 0.3789, 'eval/top-5-acc': 0.8421}, BEST_EVAL_ACC: 0.3789, at 18000 iters
[2025-06-11 01:49:52,152 INFO] confusion matrix:
[[0.529 0.022 0.113 0.003 0.025 0.035 0.029 0.001 0.201 0.042]
 [0.023 0.62  0.014 0.004 0.004 0.015 0.012 0.001 0.026 0.281]
 [0.159 0.005 0.177 0.068 0.044 0.215 0.304 0.008 0.014 0.006]
 [0.141 0.006 0.109 0.132 0.022 0.41  0.144 0.005 0.017 0.014]
 [0.123 0.003 0.023 0.111 0.244 0.058 0.395 0.028 0.011 0.004]
 [0.093 0.002 0.075 0.042 0.032 0.645 0.081 0.016 0.006 0.008]
 [0.029 0.001 0.089 0.449 0.003 0.086 0.332 0.001 0.009 0.001]
 [0.096 0.007 0.056 0.016 0.496 0.145 0.027 0.145 0.001 0.011]
 [0.369 0.039 0.017 0.007 0.003 0.021 0.011 0.001 0.473 0.059]
 [0.185 0.115 0.023 0.007 0.016 0.008 0.01  0.004 0.02  0.612]]
[2025-06-11 01:49:52,159 INFO] 19000 iteration, USE_EMA: True, {'train/sup_loss': tensor(0.0531, device='cuda:0'), 'train/unsup_loss': tensor(0.0043, device='cuda:0'), 'train/total_loss': tensor(0.4829, device='cuda:0'), 'lr': 0.007857369471732094, 'train/prefecth_time': 0.004468095779418945, 'train/run_time': 0.08886768341064454, 'eval/loss': tensor(2.6540, device='cuda:0'), 'eval/top-1-acc': 0.3909, 'eval/top-5-acc': 0.8413}, BEST_EVAL_ACC: 0.3909, at 19000 iters
[2025-06-11 01:51:47,366 INFO] confusion matrix:
[[0.456 0.024 0.138 0.002 0.028 0.029 0.04  0.002 0.24  0.041]
 [0.026 0.645 0.012 0.004 0.004 0.012 0.013 0.001 0.021 0.262]
 [0.123 0.002 0.202 0.074 0.041 0.201 0.329 0.008 0.013 0.007]
 [0.104 0.007 0.128 0.133 0.023 0.399 0.168 0.005 0.013 0.02 ]
 [0.101 0.005 0.029 0.116 0.239 0.054 0.412 0.03  0.01  0.004]
 [0.065 0.001 0.084 0.045 0.028 0.641 0.102 0.019 0.005 0.01 ]
 [0.023 0.002 0.091 0.463 0.004 0.078 0.332 0.001 0.005 0.001]
 [0.082 0.006 0.067 0.018 0.495 0.136 0.031 0.15  0.003 0.012]
 [0.303 0.04  0.02  0.007 0.003 0.016 0.015 0.001 0.542 0.053]
 [0.176 0.115 0.025 0.009 0.019 0.005 0.01  0.004 0.027 0.61 ]]
